StartingAngle,AngleThreshold,StartingRadius,FinalRadius,DecayConstant,TimeToEat,PerturbAngle,TriggerRadius,InterTimeInterval
270,45,0.07,0.016001001,0.0003,20.0,0,0.017,2.0
0,45,0.07,0.016001001,0.0003,20.0,0,0.0,2.0
180,45,0.07,0.016001001,0.0003,20.0,0,0.0,2.0
270,45,0.07,0.016001001,0.0003,20.0,0,0.0,2.0
90,45,0.07,0.016001001,0.0003,20.0,0,0.0,2.0
0,45,0.07,0.016001001,0.0003,20.0,0,0.0,2.0
180,45,0.07,0.016001001,0.0003,20.0,0,0.0,2.0
270,45,0.07,0.016001001,0.0003,20.0,0,0.0,2.0
90,45,0.07,0.016001001,0.0003,20.0,0,0.0,2.0
0,45,0.07,0.016001001,0.0003,20.0,0,0.0,2.0
180,45,0.07,0.016001001,0.0003,20.0,0,0.0,2.0
270,45,0.07,0.016001001,0.0003,20.0,0,0.0,2.0
90,45,0.07,0.016001001,0.0003,20.0,0,0.0,2.0
0,45,0.07,0.016001001,0.0003,20.0,0,0.0,2.0
180,45,0.07,0.016001001,0.0003,20.0,0,0.0,2.0
270,45,0.07,0.016001001,0.0003,20.0,0,0.0,2.0
90,45,0.07,0.016001001,0.0003,20.0,0,0.0,2.0
0,45,0.07,0.016001001,0.0003,20.0,0,0.0,2.0
180,45,0.07,0.016001001,0.0003,20.0,0,0.0,2.0
270,45,0.07,0.016001001,0.0003,20.0,0,0.0,2.0
90,45,0.07,0.016001001,0.0003,20.0,0,0.0,2.0
0,45,0.07,0.016001001,0.0003,20.0,0,0.0,2.0
180,45,0.07,0.016001001,0.0003,20.0,0,0.0,2.0
270,45,0.07,0.016001001,0.0003,20.0,0,0.0,2.0
90,45,0.07,0.016001001,0.0003,20.0,0,0.0,2.0
0,45,0.07,0.016001001,0.0003,20.0,0,0.0,2.0
180,45,0.07,0.016001001,0.0003,20.0,0,0.0,2.0
270,45,0.07,0.016001001,0.0003,20.0,0,0.0,2.0
90,45,0.07,0.016001001,0.0003,20.0,0,0.0,2.0
0,45,0.07,0.016001001,0.0003,20.0,0,0.0,2.0
180,45,0.07,0.016001001,0.0003,20.0,0,0.0,2.0
270,45,0.07,0.016001001,0.0003,20.0,0,0.0,2.0
90,45,0.07,0.016001001,0.0003,20.0,0,0.0,2.0
0,45,0.07,0.016001001,0.0003,20.0,0,0.0,2.0
180,45,0.07,0.016001001,0.0003,20.0,0,0.0,2.0
270,45,0.07,0.016001001,0.0003,20.0,0,0.0,2.0